4
Zezinho 100 123 133 333 400 300 129 200 360 340 200 600
Luizinho 60 50 120 250 170 190 190 220 260 270 290 300
Carlinhos 10 10 20 10 10 10 10 20 20 20 20 20
Joaozinho 200 300 400 400 500 500 500 600 650 650 700 810
7
Abacate 1 2 3 4 5 6 7 8 9 10 11 12
Adacate 1 2 3 4 5 6 7 8 9 10 11 12
Acacate 1 2 3 4 5 6 7 8 9 10 11 12
Avacate 1 2 3 4 5 6 7 8 9 10 11 12
Agacate 1 2 3 4 5 6 7 8 9 10 11 12
Ahacate 1 2 3 4 5 6 7 8 9 10 11 12
Aiacate 1 2 3 4 5 6 7 8 9 10 11 12
3
Pedrinho 100 100 200 200 300 300 400 400 500 500 600 600
Huguinho 100 100 200 200 300 300 400 400 500 500 600 600
Zezinho 100 100 100 100 100 100 100 100 100 100 100 100
0